2263
2264
2265
2266
2268
2269
2270
2273
2274
2275
2277
2278
2279
2282
2283
2284
2286
2287
2288
2291
2292
2293
2298
2299
2300
2301
2302
2303
2305
2306
2324
2325
2326
2327
2330
2331
2332
2333
2334
2335
2338
2339
2340
2341
2342
2344
2345
2346
2349
2350
2351
2352
2353
2355
2358
2359
2360
2361
2364
2365
2366
2367
2368
2369
2372
2373
2374
2375
2377
2378
2379
2380
2381
2382
2385
2386
2387
2388
2389
2390
2391
2399
2400
2401
2402
2404
2405
2406
2407
2409
2410
2413
2414
2415
2416
2417
2419
2423
2424
2425
2427
2428
2429
2430
2432
2433
2434
2436
2437
2438
2439
2440
2441
2443
2444
2445
2447
2448
2449
2451
2452
2453
2454
2456
2457
2458
2460
2461
2462
2463
